\onecolumn
\setcounter{equation}{0}
\renewcommand\theequation{A.\arabic{equation}}
\section*{Appendix}
\label{sec:appendix}

\begin{equation}\label{matrix:A}
A = \begin{bmatrix}
0.37454012 & 0.50439896 & 0.78221829 & 0.51530175 & 0.30604431 & 0.38176969 \\
0.50439896 & 0.86617615 & 0.40672706 & 0.49965086 & 0.40288023 & 0.57021699 \\
0.78221829 & 0.40672706 & 0.18182497 & 0.3976287  & 0.25195801 & 0.29490401 \\
0.51530175 & 0.49965086 & 0.3976287  & 0.13949386 & 0.40318954 & 0.65762369 \\
0.30604431 & 0.40288023 & 0.25195801 & 0.40318954 & 0.59241457 & 0.50604122 \\
0.38176969 & 0.57021699 & 0.29490401 & 0.65762369 & 0.50604122 & 0.80839735 
\end{bmatrix}
\end{equation}

